CNR1s,CNR2s,CNR3s,CNR4s,CNR5s
9.363332,12.370556,14.593726,16.623241,19.325779
10.086997,14.163452,17.160929,19.585545,23.692707
9.704843,13.933836,17.314856,20.26861,25.14548
9.190458,13.190832,16.31354,19.689297,24.731798
8.264436,11.679967,15.094226,18.090736,22.949163
7.1558537,10.677526,13.643704,16.655466,20.915451
6.507924,9.586249,12.293716,14.998779,19.335613
5.7411914,8.650837,10.98022,13.315277,17.554018
4.3955793,6.4319153,8.461417,10.371475,13.786064
3.507114,5.2469263,6.846467,8.34451,10.9014015
2.977422,4.527194,5.607031,6.80583,9.046081
