CNR1s,CNR2s,CNR3s,CNR4s,CNR5s
5.6559963,7.7200093,9.205624,10.310171,12.146569
7.148095,9.93452,12.01366,13.801038,16.672617
7.549876,10.730061,13.225591,15.700259,19.079916
7.2961326,10.407253,13.0130205,15.6339445,19.319006
6.841497,9.792466,12.337919,14.72961,18.85925
6.222106,8.95835,11.472769,13.76521,17.82663
5.302292,8.25268,10.507256,12.758264,16.221483
4.952801,7.1002536,9.360738,11.45593,15.144228
3.7006733,5.7184334,7.440296,9.028988,11.72432
3.1965067,4.739922,6.031655,7.532704,9.669081
2.6625261,3.8712897,5.063738,6.1880007,8.048304
