CNR1s,CNR2s,CNR3s,CNR4s,CNR5s
,,,,
6.1785235,8.337729,9.906336,11.584884,13.960816
6.4082108,9.202954,11.526245,13.100063,16.197422
6.350736,9.230673,11.472625,13.868412,17.513435
5.9971,8.845598,11.320305,13.524856,17.007597
5.622097,8.181684,10.541261,12.795435,16.038933
5.001268,7.5614724,9.691944,11.735698,15.121564
4.433062,6.8320026,8.750819,10.594308,13.664817
3.6700335,5.362684,7.0605445,8.577214,11.180368
2.9813228,4.350331,5.64883,7.0090547,9.10244
2.417252,3.5618815,4.760887,5.965565,7.6087246
