CNR1s,CNR2s,CNR3s,CNR4s,CNR5s
7.1054125,9.638995,11.489673,12.856761,14.862538
8.426827,11.783391,14.265472,16.26176,19.86214
8.643668,12.360669,15.132814,17.707445,21.795479
8.041323,11.62954,15.04227,17.595957,22.089165
7.400895,10.71319,13.657667,16.668863,20.77908
6.705533,9.609627,12.537112,15.336909,19.149036
6.0139203,8.955711,11.372706,13.882172,17.967106
5.5597463,7.880297,10.368267,12.322455,16.156313
4.2189407,6.238893,7.971723,9.6909485,12.737159
3.2811205,5.039455,6.5383506,7.8683667,10.239904
2.8303483,4.14825,5.329143,6.5260944,8.440138
