CNR1s,CNR2s,CNR3s,CNR4s,CNR5s
,,,,
5.0450153,6.8945193,8.587022,9.642718,11.692878
5.6792755,7.9812155,9.833962,11.66797,14.338179
5.7712674,8.298246,10.405181,12.426671,15.476073
5.532871,7.98188,10.051892,12.034606,15.497865
4.9737253,7.433848,9.556769,11.676171,14.5159445
4.899042,6.879077,9.013198,10.745365,13.908845
4.255186,6.256207,8.085476,9.78732,12.694528
3.4332888,5.0729723,6.501223,7.873021,10.370908
2.8262937,4.0459466,5.3496213,6.424285,8.639375
2.2978964,3.4896863,4.586422,5.6357102,7.284012
