CNR1s,CNR2s,CNR3s,CNR4s,CNR5s
,,,,
4.252514,5.928123,7.0279684,8.294861,9.938147
4.895195,6.9642906,8.647864,10.095716,12.391324
5.2462926,7.518328,9.388033,11.101251,13.690928
4.9217052,7.1991425,9.028315,10.96937,13.895316
4.74392,6.6252975,8.631735,10.696937,13.457942
4.2836037,6.4603076,8.229885,9.878335,12.750237
3.8909986,5.846035,7.488481,9.077206,11.875209
3.235022,4.63488,6.1996922,7.574864,9.779323
2.3866575,3.9024494,5.0042357,6.0319724,8.144719
2.1350143,3.2836099,4.1991754,5.251971,6.9855604
